# Created by Octave 4.0.0, Tue Mar 20 21:55:09 2018 MST <gesposito@rabbit>
# name: lXy
# type: matrix
# rows: 14
# columns: 6
 1 0 0 0 1 0.25
 1 0 0 1 0 0.25
 1 0 1 0 0 0.25
 1 1 0 0 0 0.25
 1 0 0 1 1 0.5
 1 0 1 0 1 0.5
 1 0 1 1 0 0.5
 1 1 0 1 0 0.5
 1 1 0 0 1 0.5
 1 1 1 0 0 0.5
 1 0 1 1 1 0.75
 1 1 0 1 1 0.75
 1 1 1 0 1 0.75
 1 1 1 1 0 0.75


